m, n:
6 12
c:
-100000.0 -10000.0 -1000.0 -100.0 -10.0 -1.0 0.0 0.0 0.0 0.0 0.0 0.0
A:
1.0     0.0     0.0    0.0  0.0 0.0 1.0 0.0 0.0 0.0 0.0 0.0
20.0    1.0     0.0    0.0   0.0 0.0 0.0 1.0 0.0 0.0 0.0 0.0
200.0   20.0    1.0    0.0   0.0 0.0 0.0 0.0 1.0 0.0  0.0 0.0
2000.0  200.0   20.0   1.0   0.0 0.0 0.0 0.0 0.0 1.0 0.0 0.0 
20000.0  2000.0   200.0  20.0 1.0 0.0 0.0 0.0 0.0 0.0 1.0 0.0 
200000.0  20000.0   2000.0  200.0 20.0 1.0 0.0 0.0 0.0 0.0 0.0 1.0  
b:
1.0 100.0 10000.0 1000000.0 100000000.0 10000000000.0 
epsilon:
0.00000000000001

